
Last position-specific scoring matrix computed, weighted observed percentages rounded down, information per position, and relative weight of gapless real matches to pseudocounts
            A   R   N   D   C   Q   E   G   H   I   L   K   M   F   P   S   T   W   Y   V   A   R   N   D   C   Q   E   G   H   I   L   K   M   F   P   S   T   W   Y   V
    1 M    -1  -2  -2  -3  -2  -1  -2  -3  -2   1   2  -2   6   0  -3  -2  -1  -2  -1   1    0   0   0   0   0   0   0   0   0   0   0   0 100   0   0   0   0   0   0   0  0.38 0.01
    2 V     0   2  -2  -3  -2  -1  -2  -3  -2   1   1  -1   6  -1  -3  -1  -1  -2  -2   1    9  18   0   0   0   0   0   0   0   0   0   0  58   0   0   0   0   0   0  15  0.29 0.05
    3 T     1  -1   0  -1  -1  -1  -1  -1  -1  -2  -2  -1  -1  -3  -1   4   3  -3  -2  -1    0   0   0   0   0   0   0   0   0   0   0   0   0   0   0  64  36   0   0   0  0.47 0.04
    4 G     1   0   0   1  -2   2   0   2   2  -3  -3   1  -2  -3  -2   1  -1  -3  -2  -2   16   0   0   9   0  19   0  21   9   0   0  16   0   0   0  10   0   0   0   0  0.26 0.02
    5 G     2  -2   0   0  -1  -1  -1   2  -2  -2  -2  -1  -2  -3  -1   3   1  -3  -2  -1   29   0   0   5   0   0   0  16   0   0   0   0   0   0   0  37   7   0   0   5  0.30 0.03
    6 M     0  -2   0  -3  -2   0  -2  -3   0   1   1  -1   6  -1  -3  -1   1  -3  -2   1    6   0   5   0   0   6   0   0   2   8   2   2  49   0   0   0  14   0   0   6  0.35 0.10
    7 A     2  -2  -1   0  -2  -1  -1  -2  -2  -1   0  -1   0  -2   3   2   1  -3  -2  -1   23   0   0   5   0   0   3   0   0   2  14   2   2   0  18  18  11   0   0   2  0.27 0.06
    8 S     1  -1   0   1  -2   1  -1   0  -2  -2  -2  -1  -1  -3   0   3   2  -3  -3  -1   12   3   1   8   0   6   0   7   0   0   1   2   2   0   4  34  17   0   0   2  0.26 0.08
    9 K    -1   1  -1   2  -3   2   3  -2   0  -3  -1   1  -2  -2   1   0   0  -3  -2  -2    2   7   0  16   0  15  21   0   2   0   7  11   0   1   6   8   4   0   0   0  0.30 0.07
   10 W     0  -1  -1   0  -2   1  -1  -2  -1  -1  -1  -2   1   1  -1   1   1   7  -1  -1   10   1   3   4   0   8   1   0   1   5   4   0   6   6   3  16  11  20   0   2  0.33 0.09
   11 D    -3  -3   1   7  -5   0   1  -3  -1  -4  -4  -2  -4  -5  -3  -1  -2  -5  -4  -4    0   0   5  82   0   2   4   0   1   0   1   0   0   0   0   2   2   0   0   0  1.39 0.25
   12 Q     0   0  -1   6  -4   1   1  -2  -1  -3  -3   1  -3  -4  -3  -1  -2  -5  -4  -2    9   4   0  51   0   6   8   1   1   1   2  11   0   0   0   1   1   0   0   3  0.70 0.20
   13 K    -1   1  -2  -1  -4   1   3  -3  -1  -2   0   3  -1  -3   4  -1  -2  -4  -3  -2    3   6   0   2   0   5  22   0   1   2  10  22   1   0  24   1   1   0   0   1  0.51 0.17
   14 G    -2  -4  -3  -4  -3  -4  -5   4  -2  -3  -2  -4  -2   7  -5  -3  -4  -2   2  -3    2   0   1   0   1   0   0  34   1   0   1   0   0  55   0   0   0   0   5   0  1.21 0.31
   15 M    -3  -4  -5  -6  -4  -3  -5  -5  -4   0   4  -4   8   3  -5  -4  -3  -3  -1  -1    0   0   0   0   0   0   0   0   0   2  36   0  45  16   0   0   0   0   1   0  1.21 0.33
   16 D     1   1  -1   0  -4   5   2  -3  -1  -1  -1   1  -2  -4  -3  -1  -2  -4  -3  -2   13   9   1   6   0  38   9   0   0   5   4   9   0   0   0   3   1   0   0   1  0.46 0.19
   17 I     5  -3  -3  -3  -2  -2  -1  -2  -2   2  -1  -2   0  -3  -3  -1  -1  -4  -3   0   60   0   0   0   0   1   5   0   1  17   5   1   2   0   0   1   3   0   0   5  0.59 0.23
   18 A     7  -4  -4  -4  -2  -3  -3  -2  -4  -4  -4  -3  -3  -5  -3  -1  -2  -5  -4  -3   99   0   0   0   0   0   0   0   0   0   0   0   0   0   0   0   1   0   0   0  1.60 0.41
   19 Y    -3  -4  -5  -5  -3  -4  -5  -5  -4   5   2  -4   0   2  -4  -4  -2  -3   3   2    0   0   0   0   0   0   0   0   0  47  23   0   1   8   0   0   0   0  10  11  0.75 0.22
   20 E     1  -2  -1   3  -5   1   6  -3  -2  -4  -4  -1  -3  -5  -3  -2  -2  -5  -3  -3   12   0   2  18   0   4  58   1   0   0   1   2   0   0   0   0   0   0   1   1  0.93 0.27
   21 E    -3  -2  -2  -1  -6   3   7  -5  -1  -6  -5  -1  -4  -6  -4  -2  -3  -5  -4  -5    1   0   1   0   0  11  86   0   1   0   0   1   0   0   0   0   0   0   0   0  1.67 0.41
   22 A     7  -4  -4  -4  -3  -3  -3  -2  -4  -4  -4  -3  -2  -5  -3  -1  -2  -5  -4  -3   99   0   0   0   0   0   0   0   0   0   0   0   0   0   0   0   0   0   0   0  1.60 0.42
   23 A    -2   4  -2  -2  -4   3   1  -4  -1  -3  -2   4  -2  -4  -3  -2  -2  -3  -3  -2    2  29   0   0   0  13  10   0   1   1   4  36   0   0   0   1   1   0   0   2  0.69 0.22
   24 L    -1   1  -1  -2  -3   3   0  -3  -2   1   0   5  -1  -4  -3  -1  -1  -4  -3  -2    5   6   1   1   0  18   1   0   0   9   8  43   1   0   0   1   4   0   0   1  0.48 0.19
   25 G    -2  -4  -2  -3  -4  -4  -4   7  -4  -6  -6  -3  -5  -5  -4   2  -3  -5  -5  -5    0   0   0   0   0   0   0  85   0   0   0   0   0   0   0  15   0   0   0   0  1.66 0.35
   26 Y     0   0  -4  -4  -3  -2  -3  -4  -1  -1   4  -3   1   2  -4  -2  -3   0   5  -1    8   5   0   0   0   2   0   0   1   0  45   1   3   7   0   1   0   1  25   1  0.56 0.20
   27 K     3   0   1   2  -2   1   2  -1  -1  -3  -3   0  -2  -4  -2   1  -1  -4  -3  -2   33   5   5  12   0   7  15   1   1   0   1   6   0   0   0  13   1   0   0   1  0.34 0.14
   28 E    -2  -2  -2   0  -5   1   7  -4  -2  -5  -5  -1  -4  -6  -4  -2  -2  -5  -4  -4    3   0   1   1   0   3  89   0   0   0   0   0   0   0   0   0   2   0   0   1  1.63 0.40
   29 G    -2  -5  -2  -3  -5  -4  -4   7  -4  -6  -6  -4  -5  -6  -5  -2  -4  -5  -6  -6    1   0   1   0   0   0   0  97   0   0   0   0   0   0   0   0   0   0   0   0  2.02 0.40
   30 G    -2  -5  -3  -4  -5  -4  -5   7  -5  -6  -6  -4  -5  -6  -5  -3  -4  -5  -6  -6    0   0   0   0   0   0   0 100   0   0   0   0   0   0   0   0   0   0   0   0  2.17 0.42
   31 V    -3  -5  -5  -5  -3  -5  -5  -6  -5   7   0  -5  -1  -2  -5  -4  -3  -5  -3   4    0   0   0   0   0   0   0   0   0  71   1   0   0   0   0   0   0   0   0  28  1.32 0.32
   32 P    -4  -5  -5  -4  -6  -4  -4  -5  -5  -6  -6  -4  -5  -7   9  -4  -4  -7  -6  -5    0   0   0   0   0   0   0   0   0   0   0   0   0   0 100   0   0   0   0   0  3.03 0.51
   33 I    -4  -6  -6  -6  -4  -5  -6  -6  -6   8  -1  -5  -1  -3  -5  -5  -3  -5  -4   0    0   0   0   0   0   0   0   0   0 100   0   0   0   0   0   0   0   0   0   0  1.90 0.42
   34 G    -2  -5  -3  -4  -5  -4  -5   7  -5  -6  -6  -4  -5  -6  -5  -3  -4  -5  -6  -6    0   0   0   0   0   0   0 100   0   0   0   0   0   0   0   0   0   0   0   0  2.15 0.41
   35 G     4  -3  -2  -3  -1  -2  -2   1  -3  -4  -4  -2  -3  -4  -3   5  -1  -5  -4  -3   33   0   0   0   1   0   0   9   0   0   0   0   0   0   0  57   0   0   0   0  0.90 0.29
   36 C     2  -4  -4  -5   6  -4  -4  -4  -5   0  -1  -4  -2  -3  -4  -2  -2  -5  -3   5   21   0   0   0  17   0   0   0   0   0   1   0   0   0   0   1   0   0   0  60  0.94 0.28
   37 L    -3  -4  -5  -6  -3  -4  -5  -6  -5   3   6  -5   0  -2  -5  -4  -3  -4  -3   0    0   0   0   0   0   0   0   0   0  17  82   0   0   0   0   0   0   0   0   1  1.19 0.30
   38 I    -2  -5  -5  -5  -3  -4  -4  -5  -5   3  -1  -4  -1  -2  -4  -4  -2  -5  -3   6    0   0   0   0   0   0   0   0   0  14   1   0   0   0   0   0   0   0   0  84  1.32 0.33
   39 N     0  -1   1   0  -2  -1  -1  -2   7  -3  -2  -1  -2  -2  -2   2  -1  -2   2  -2    7   2   5   4   1   2   1   2  39   1   3   1   0   1   1  18   1   0   8   2  0.60 0.16
   40 N     0   1   2   0  -1   2   0   0   2  -1  -1   1  -1  -1  -1   0   0  -1  -1  -1    6  11  15   2   1  11   4   7   5   2   6   8   1   2   3   8   4   1   2   3  0.11 0.03
   41 K     0   1   0   0  -1   0   1   0  -1   1  -1   1  -1  -1  -1   0   0  -2  -1   0   10   8   4   6   1   2  11   6   1  13   5  13   1   1   2   4   4   0   1   7  0.04 0.02
   42 D    -1  -1   0   6  -2  -1   1  -1  -1  -2  -2  -1  -2  -2  -1  -1  -1  -2  -2  -2    3   3   3  55   1   2   9   4   1   2   3   3   1   1   2   3   3   0   1   2  0.66 0.13
   43 G    -1  -3  -1  -1  -4  -3  -3   7  -3  -3  -5  -3  -3  -4   0  -2  -3  -4  -4  -4    2   1   1   3   0   1   1  81   0   2   1   0   0   1   4   1   0   0   0   1  1.37 0.28
   44 S    -2   4  -1  -2  -4   1   2  -3  -1  -2  -3   4  -2  -4  -3  -1   1  -4  -3  -1    2  22   1   1   0   5  11   0   1   2   1  40   0   0   0   2   9   0   0   4  0.57 0.19
   45 V    -3  -5  -5  -5  -3  -5  -5  -4  -5   6   1  -5   0  -2  -4  -4  -2  -5  -3   3    0   0   0   0   0   0   0   1   0  67   8   0   0   0   0   0   0   0   0  23  1.13 0.29
   46 L    -2  -2  -5  -5  -1  -4  -4  -5  -5   5   4  -4   0  -1  -4  -4  -2  -4  -2   2    1   2   0   0   1   0   0   0   0  37  43   0   0   0   0   0   0   0   0  16  0.78 0.22
   47 G     0  -5  -3  -4  -5  -4  -4   7  -4  -6  -6  -4  -5  -5  -4  -2  -4  -5  -5  -5    5   0   0   0   0   0   0  94   0   0   0   0   0   0   0   1   0   0   0   0  1.91 0.37
   48 R    -2   7  -3  -4  -2   1  -2  -4  -2  -5  -4   0  -3  -5  -4  -1  -2  -5  -4  -2    3  79   0   0   1   5   0   0   0   0   0   2   0   0   0   4   2   0   0   3  1.39 0.34
   49 G    -2  -5  -2  -4  -5  -4  -4   7  -4  -6  -6  -4  -5  -6  -5  -2  -4  -5  -5  -6    0   0   1   0   0   0   0  97   0   0   0   0   0   0   0   1   0   0   0   0  2.03 0.39
   50 H    -4   1  -2  -4  -4  -2  -3  -5  11  -6  -5  -3  -4  -4  -5  -3  -4  -5  -1  -6    0   6   0   0   0   0   0   0  92   0   0   0   0   0   0   0   0   0   1   0  2.74 0.51
   51 N    -4  -3   9  -1  -5  -3  -3  -3  -2  -6  -6  -3  -5  -6  -5  -2  -3  -6  -5  -6    0   0  99   0   0   0   0   0   0   0   0   0   0   0   0   0   0   0   0   0  2.30 0.47
   52 M    -3   5  -2  -3  -3   4  -1  -4  -2  -3  -1   1   5  -4  -4  -2  -3  -4  -3  -3    0  40   0   0   0  22   2   0   0   0   5   6  23   0   0   1   0   0   0   0  0.86 0.27
   53 R    -4   8  -3  -4  -6  -1  -3  -5  -3  -6  -5   0  -4  -6  -5  -3  -4  -5  -4  -5    0 100   0   0   0   0   0   0   0   0   0   0   0   0   0   0   0   0   0   0  2.25 0.46
   54 F    -2  -4  -5  -5  -3  -2  -4  -5  -4   3  -1  -4   1   1  -4  -4  -2  -4  -2   6    1   0   0   0   0   3   0   0   0  16   1   0   3   7   0   0   0   0   0  70  0.97 0.28
   55 Q    -4  -2  -3  -3  -6   9  -1  -5  -2  -6  -5  -1  -3  -6  -4  -3  -3  -5  -4  -5    0   0   0   0   0 100   0   0   0   0   0   0   0   0   0   0   0   0   0   0  2.36 0.52
   56 K    -2   2   1  -1  -2   3   1  -3   0  -4  -2   5  -2  -4  -3   0  -2  -4  -3  -4    1  10   8   1   1  14   5   0   1   0   4  50   0   0   0   4   1   0   0   0  0.67 0.22
   57 G    -1  -2   1  -1  -3  -2  -2   6  -3  -5  -5  -1  -4  -5  -4   0  -3  -5  -5  -5    2   2   6   3   1   1   1  73   0   0   0   3   0   0   0   7   0   0   0   0  1.19 0.27
   58 S    -1  -3  -1  -2  -3  -3  -3  -3  -3  -5  -5  -3  -4  -5  -3   7  -1  -5  -4  -4    0   0   2   1   0   0   0   0   0   0   0   0   0   0   0  98   0   0   0   0  1.65 0.43
   59 A     5  -3  -3  -4  -1  -3  -3  -2  -4  -2  -3  -3  -1  -4   4   0   0  -5  -4   1   60   0   0   0   1   0   0   0   0   0   0   0   1   0  18   4   4   0   0  12  0.79 0.25
   60 T    -2  -4  -4  -4  -3  -4  -4  -5  -5   6  -1  -4  -1  -2  -4  -3   3  -5  -3   3    0   0   0   0   0   0   0   0   0  52   1   0   0   0   0   0  25   0   0  22  0.91 0.27
   61 L    -3  -1  -5  -4  -3  -3  -4  -5   3   0   6  -2   0  -1  -5  -4  -3  -4  -3  -1    0   4   0   0   0   0   0   0   8   1  84   2   0   0   0   0   0   0   0   0  1.06 0.30
   62 H    -5  -3  -2  -4  -6  -2  -3  -5  11  -6  -6  -4  -5  -4  -5  -4  -5  -5  -1  -6    0   0   0   0   0   0   0   0 100   0   0   0   0   0   0   0   0   0   0   0  3.18 0.56
   63 G     3  -4  -3  -3  -4  -3  -4   6  -4  -5  -5  -3  -4  -5  -4  -2  -3  -5  -5  -4   31   0   0   0   0   0   0  69   0   0   0   0   0   0   0   0   0   0   0   0  1.37 0.31
   64 E    -3  -3  -3  -1  -6  -1   8  -5  -3  -6  -6  -2  -5  -6  -4  -3  -3  -6  -5  -5    0   0   0   0   0   0 100   0   0   0   0   0   0   0   0   0   0   0   0   0  2.04 0.46
   65 I    -3  -4  -4  -5  -4  -3  -4  -5  -4   3  -1  -4   9  -3  -5  -3   2  -4  -4  -1    0   0   0   0   0   0   0   0   0  20   0   0  63   0   0   0  16   0   0   0  1.50 0.39
   66 S     0  -3   0   6  -3  -2  -1  -3  -2  -5  -5  -2  -4  -5  -3   3  -2  -6  -4  -4   10   0   2  58   0   0   0   0   1   0   0   0   0   0   0  29   0   0   0   0  1.11 0.30
   67 T     5  -4  -4  -4   7  -3  -3  -2  -4  -3  -3  -3  -3  -4  -3  -1   1  -5  -4  -2   66   0   0   0  24   0   0   0   0   0   0   0   0   0   0   0   8   0   0   1  1.19 0.32
   68 L    -4  -4  -5  -6  -3  -4  -5  -6  -5   0   6  -5   0   3  -5  -5  -3  -3  -2  -1    0   0   0   0   0   0   0   0   0   1  86   0   0  11   0   0   0   0   0   1  1.23 0.31
   69 E    -3  -2  -2   0  -6   1   7  -5  -2  -6  -4  -1  -4  -3  -4  -2  -3  -5  -3  -5    1   0   0   1   0   3  91   0   0   0   1   0   0   1   0   0   0   0   1   0  1.68 0.40
   70 N    -3  -1   8   1  -5  -1  -2  -3   0  -5  -6  -2  -4  -4  -4  -1  -2  -6  -4  -5    1   2  83   5   0   2   1   0   1   0   0   1   0   0   0   2   1   0   0   0  1.64 0.38
   71 C     6  -3  -3  -4   3  -3  -3  -2  -4  -2  -4  -3  -3  -4  -3   2  -1  -5  -4  -2   79   0   0   0   5   0   0   1   0   1   0   0   0   0   0  12   1   0   0   1  1.08 0.31
   72 G    -2  -5  -3  -4  -5  -4  -5   7  -4  -6  -6  -3  -5  -6  -5  -2  -4  -5  -6  -6    0   0   0   0   0   0   0  99   0   0   0   0   0   0   0   1   0   0   0   0  2.10 0.40
   73 R    -4   8  -3  -4  -6  -1  -3  -5  -3  -6  -5   0  -4  -6  -5  -3  -4  -5  -4  -5    0 100   0   0   0   0   0   0   0   0   0   0   0   0   0   0   0   0   0   0  2.25 0.46
   74 L    -3  -1  -4  -4  -3   4  -2  -5  -1   0   5  -2   1  -2  -4  -3  -3  -4  -3  -2    0   3   0   0   0  29   0   0   1   2  62   0   2   0   0   0   0   0   0   0  0.85 0.28
   75 E    -1  -2  -2  -3  -4  -2  -1  -4  -3  -4  -4   2  -4  -5   7   1   0  -5  -4  -3    3   0   1   0   0   1   2   0   0   0   0  17   0   0  57  12   5   0   0   1  1.30 0.29
   76 G     6  -4  -3  -4  -3  -3  -3   2  -3  -4  -4  -3  -3  -4   0  -1  -2  -5  -4  -2   82   0   0   0   0   0   0  12   0   0   0   0   0   0   4   2   0   0   0   0  1.13 0.32
   77 K     1   1   0  -1  -3   1   0  -1  -1  -3  -3   1  -3  -3  -2   4   0  -3  -3  -2   11   6   2   1   0   6   5   2   1   1   1  11   0   1   0  50   2   0   0   1  0.47 0.19
   78 V     1  -3  -3   1  -3  -3  -1  -3  -4   2  -1  -3  -1  -1  -3  -2   0  -2  -3   5   16   0   0  12   0   0   4   0   0   8   1   0   0   2   0   1   5   0   0  51  0.47 0.20
   79 Y    -5  -5  -5  -6  -5  -4  -5  -6  -1  -4  -4  -5  -4   0  -6  -5  -3   0  10  -4    0   0   0   0   0   0   0   0   0   0   0   0   0   0   0   0   1   0  99   0  2.75 0.53
   80 K     0   5  -2  -2  -4   2   0  -3  -1  -4  -4   4  -3  -5  -3  -1  -2  -4  -3  -3   10  45   0   0   0   9   4   1   1   0   0  27   0   0   0   2   1   0   0   1  0.83 0.24
   81 D    -1   2   2   2  -4   1   3   2   0  -4  -4   1  -3  -4  -3  -1  -2  -4  -3  -4    2  14  10  11   0   4  28  19   2   0   0   8   0   0   0   1   0   0   0   1  0.48 0.15
   82 T     4  -3  -3  -3   7  -3  -3  -2  -4  -3  -4  -3  -3  -4  -3   3   0  -4  -4  -2   36   0   0   0  28   0   0   0   0   0   0   0   0   0   0  31   4   0   0   0  0.97 0.28
   83 T    -2  -4  -3  -4   0  -3  -3  -4  -4   0  -2  -3  -2  -4  -4  -1   6  -5  -4   3    0   0   0   0   1   0   0   0   0   4   0   0   0   0   0   0  69   0   0  25  1.13 0.33
   84 L    -3  -4  -5  -5  -3  -3  -5  -5  -4   2   5  -4   7  -2  -4  -4  -3  -4  -3  -1    0   0   0   0   0   0   0   0   0   9  58   0  31   0   0   0   0   0   0   0  1.13 0.30
   85 Y    -4  -5  -5  -6  -5  -4  -5  -6  -1  -4  -4  -5  -4   2  -6  -4  -4   0   9  -2    0   0   0   0   0   0   0   0   0   0   0   0   0   3   0   0   0   0  95   2  2.56 0.50
   86 T    -2  -3  -2  -3  -3  -3  -3  -4  -4  -3  -4  -3  -3  -5  -3   2   7  -5  -4  -3    0   0   0   0   0   0   0   0   0   0   0   0   0   0   0  16  84   0   0   0  1.53 0.40
   87 T    -3  -4  -3  -4  -3  -3  -3  -4  -4  -3  -4  -3  -3  -5  -4   0   8  -5  -4  -3    0   0   0   0   0   0   0   0   0   0   0   0   0   0   0   2  98   0   0   0  1.87 0.45
   88 L    -4  -4  -5  -6  -3  -4  -5  -6  -5   0   6  -4   0  -2  -5  -4  -3  -4  -3  -1    0   0   0   0   0   0   0   0   0   0  98   0   1   0   0   0   0   0   0   0  1.44 0.34
   89 S    -1  -3  -2  -3  -3  -2  -2  -3  -3  -5  -5  -3  -4  -5  -3   7  -1  -5  -4  -4    0   1   0   0   0   0   0   0   0   0   0   0   0   0   0  98   0   0   0   0  1.62 0.42
   90 P    -3  -5  -5  -4  -4  -4  -4  -5  -5  -5  -5  -4  -5  -6   9  -3  -4  -6  -5  -5    0   0   0   0   0   0   0   0   0   0   0   0   0   0  98   0   0   0   0   0  2.90 0.48
   91 C    -3  -6  -5  -6  11  -6  -6  -5  -6  -4  -4  -6  -4  -5  -6  -4  -4  -5  -5  -4    0   0   0   0  98   0   0   0   0   0   0   0   0   0   0   0   0   0   0   0  3.42 0.55
   92 D     2  -3   0   5  -2  -2  -1  -2   0  -3  -3  -2  -3  -4   3   2  -1  -5  -4  -3   17   0   2  40   1   0   0   0   2   2   1   0   0   0  16  15   2   0   0   0  0.67 0.20
   93 M    -4  -4  -5  -6  -4  -3  -5  -5  -4  -2  -1  -4  10  -3  -5  -4  -3  -4  -4  -2    0   0   0   0   0   0   0   0   0   0   1   0  97   0   0   0   0   0   0   0  2.65 0.54
   94 C    -3  -6  -5  -6  11  -6  -6  -5  -6  -4  -4  -6  -4  -5  -6  -4  -4  -5  -5  -4    0   0   0   0  98   0   0   0   0   0   0   0   0   0   0   0   0   0   0   0  3.42 0.55
   95 T    -1  -3  -2  -3  -3  -2  -3  -3  -3  -4  -4  -2  -3  -4  -3   5   5  -5  -4  -3    2   0   0   0   0   0   0   0   0   0   0   0   0   0   0  52  45   0   0   0  1.14 0.34
   96 G    -2  -5  -3  -4  -5  -4  -5   7  -5  -6  -6  -4  -5  -6  -5  -3  -4  -5  -6  -6    0   0   0   0   0   0   0 100   0   0   0   0   0   0   0   0   0   0   0   0  2.15 0.41
   97 A     6  -4  -3  -4   0  -3  -3  -2  -4  -3  -4  -3  -3  -4  -3   0   1  -5  -4  -2   86   0   0   0   1   0   0   0   0   0   0   0   0   0   0   2  10   0   0   0  1.22 0.34
   98 I     0  -5  -5  -5   6  -4  -5  -5  -5   6  -1  -4   0  -3  -4  -3  -2  -5  -3   2    7   0   0   0  19   0   0   0   0  62   0   0   1   0   0   1   0   0   0  10  1.08 0.29
   99 I    -3  -4  -5  -5  -3  -3  -4  -6  -4   2   5  -4   1  -1  -5  -4  -3  -4  -3   1    1   0   0   0   0   0   1   0   0  13  79   0   1   0   0   0   0   0   0   5  1.04 0.27
  100 M    -4  -4  -6  -6  -3  -4  -5  -6  -5   0   6  -5   3  -1  -5  -5  -3  -4  -3  -1    0   0   0   0   0   0   0   0   0   0  91   0   8   1   0   0   0   0   0   0  1.37 0.33
  101 Y    -5  -5  -5  -6  -5  -4  -5  -6  -1  -4  -4  -5  -4   2  -6  -5  -4   0  10  -4    0   0   0   0   0   0   0   0   0   0   0   0   0   3   0   0   0   0  97   0  2.70 0.52
  102 G    -2  -1  -1  -3  -4  -2  -2   6  -3  -5  -5   4  -4  -5  -4  -2  -3  -5  -5  -5    0   2   1   1   0   1   0  66   0   0   0  29   0   0   0   0   0   0   0   0  1.24 0.30
  103 I    -3  -5  -6  -6  -3  -5  -6  -6  -6   7   0  -5  -1  -1  -5  -5  -3  -5  -3   2    0   0   0   0   0   0   0   0   0  89   1   0   0   1   0   0   0   0   0   9  1.58 0.36
  104 P    -2   0  -3  -3  -5  -2  -3  -2  -4  -5  -5   2  -4  -6   7   0  -2  -6  -5  -4    2   4   1   0   0   0   0   2   0   0   0  15   0   0  69   7   1   0   0   0  1.72 0.34
  105 R    -3   7  -2  -3  -4   0  -1  -4   2  -4  -4   4  -3  -5  -4  -2  -2  -5  -3  -3    0  63   0   0   0   2   1   0   6   0   0  25   0   0   0   0   1   0   0   2  1.26 0.31
  106 C    -2  -5  -5  -5   1  -4  -5  -5  -5   2  -1  -5  -1  -3  -5  -4  -2  -5  -3   7    0   0   0   0   3   0   0   0   0   9   2   0   0   0   0   0   0   0   0  85  1.33 0.34
  107 V    -2  -5  -5  -5  -3  -5  -5  -6  -5   3  -1  -5  -1  -3  -5  -4  -2  -5  -3   7    0   0   0   0   0   0   0   0   0  16   0   0   0   0   0   0   0   0   0  84  1.40 0.35
  108 V    -3  -5  -5  -5  -3  -4  -5  -6  -5   6   0  -4   2  -1  -5  -4  -2  -4  -3   4    0   0   0   0   0   0   0   0   0  64   3   0   5   1   0   0   0   0   0  27  1.13 0.29
  109 G    -1  -5  -3  -4  -3  -4  -5   7  -4  -6  -6  -4  -5  -6  -5  -3  -4  -5  -6  -6    2   0   0   0   0   0   0  98   0   0   0   0   0   0   0   0   0   0   0   0  2.06 0.39
  110 E    -3  -3  -3  -1  -6  -1   8  -5  -3  -6  -6  -2  -5  -6  -4  -3  -3  -6  -5  -5    0   0   0   0   0   0 100   0   0   0   0   0   0   0   0   0   0   0   0   0  2.04 0.46
  111 N    -4  -3   8  -1  -5  -3  -3  -3   1  -6  -6  -3  -5  -6  -5  -2  -3  -6  -5  -6    0   0  97   0   0   0   0   0   3   0   0   0   0   0   0   1   0   0   0   0  2.22 0.46
  112 V    -1   3   0  -1  -3   3   1  -3   1  -2  -2   3  -2  -3  -3  -1   0  -4  -2   0    4  22   4   3   0  16   6   0   4   2   2  21   0   0   0   2   4   0   0  10  0.34 0.13
  113 N    -2  -3   4  -2  -3  -3  -3  -3  -3  -3  -4  -3  -3  -5  -3   1   6  -5  -4  -3    0   0  20   0   0   0   0   0   0   0   0   0   0   0   0   8  72   0   0   0  1.28 0.35
  114 F    -5  -5  -6  -6  -5  -6  -6  -6  -4  -3  -2  -6  -2   9  -6  -5  -5   1   2  -3    0   0   0   0   0   0   0   0   0   0   1   0   0  96   0   0   0   1   2   0  2.34 0.45
  115 K    -2   1  -3  -4  -1   2  -2  -4  -1   0   2   1   5  -2  -3  -2  -1  -3  -1   2    1   6   0   0   1  10   0   0   1   1  22  11  26   0   0   1   3   0   2  15  0.38 0.17
  116 S    -2  -5  -3  -4  -5  -4  -4   7  -4  -6  -6  -4  -5  -6  -4   0  -4  -5  -5  -5    0   0   0   0   0   0   0  95   0   0   0   0   0   0   0   5   0   0   0   0  1.95 0.38
  117 K    -1  -1   0   1  -2   0   4  -1  -1  -2  -2   0  -2  -2   4  -1  -1  -2  -2  -2    4   2   4   7   1   2  36   3   1   2   3   4   1   1  20   3   3   1   1   2  0.43 0.09
  118 G     1  -1   0  -1  -1  -1  -1   4  -1  -1  -1  -1  -1  -1  -1   0  -1  -1  -1  -1   13   3   2   3   1   2   3  38   1   3   5   3   1   2   3   7   3   1   2   3  0.27 0.04
  119 E    -3  -3  -3  -1  -6   0   8  -5  -3  -6  -6  -2  -5  -6  -4  -3  -3  -6  -5  -5    0   0   0   1   0   0  99   0   0   0   0   0   0   0   0   0   0   0   0   0  2.00 0.45
  120 K     2  -1   0   4  -4   1   4  -2  -2  -4  -4   0  -3  -4  -2   0  -1  -4  -4  -3   23   1   2  25   0   5  33   1   0   0   0   4   0   0   0   3   2   0   0   0  0.59 0.19
  121 Y    -3  -3  -4  -5  -4  -3  -4  -5   2  -1   4  -4  -1   0  -5  -4  -3   5   6  -2    0   1   0   0   0   0   0   0   5   0  47   0   0   0   0   0   0   8  36   0  1.02 0.28
  122 L    -3  -4  -5  -6  -3  -4  -5  -6  -5   0   6  -5   1  -2  -5  -4  -3  -4  -3   1    0   0   0   0   0   0   0   0   0   0  91   0   1   0   0   1   0   0   0   7  1.28 0.32
  123 Q    -1   6  -2  -3  -5   1  -1  -3  -1  -3  -3   4  -2  -4  -3  -2  -2  -5  -3  -3    5  49   0   0   0   4   2   1   1   2   2  30   0   0   0   1   2   0   0   1  0.89 0.25
  124 T     1  -1   0  -1  -3   2   1  -1  -2  -4  -4   0  -3  -4  -3   5   0  -4  -3  -3   10   1   3   2   0  12  10   2   0   0   0   4   0   0   0  52   2   0   0   0  0.59 0.22
  125 R    -3   7   1  -3  -4   0  -2  -4   3  -5  -4   1  -3  -4  -4  -2  -3  -5  -3  -5    1  73   6   0   0   2   0   0   8   0   0   6   0   0   0   1   0   0   0   0  1.35 0.33
  126 G    -2  -4  -1  -2  -5  -4  -4   7  -3  -6  -6  -3  -5  -5  -4  -2  -4  -5  -5  -6    0   0   2   1   0   0   0  95   0   0   0   1   0   0   0   0   0   0   0   0  1.93 0.38
  127 H    -2  -4  -5  -5  -1  -4  -4  -5  -2   3  -1  -3  -1  -3  -5  -4  -2  -5  -3   6    1   1   0   0   1   0   0   0   1  10   1   2   0   0   0   0   0   0   0  83  1.21 0.32
  128 E    -1   0  -1   1  -5   2   6  -3  -1  -4  -4   0  -3  -5  -3  -1   0  -5  -4  -2    4   4   2   7   0   8  60   0   1   1   1   5   0   0   0   3   5   0   0   2  0.82 0.24
  129 V    -2  -4  -5  -5  -3  -4  -5  -5  -5   2   2  -4  -1  -2  -4  -4  -1  -4  -3   6    0   0   0   0   0   0   0   0   0   9  19   0   0   0   0   0   1   0   0  70  1.01 0.28
  130 V    -2  -2  -2   1  -3   0   3  -4  -2   2  -1  -1  -1  -3  -3  -2   0  -4  -3   4    1   1   1   6   0   3  25   0   1  14   2   3   1   0   0   1   5   0   0  37  0.38 0.17
  131 V    -2  -4   3  -4  -3  -3  -4  -5  -4   2  -1  -4  -1  -2  -4  -3  -2  -4  -3   6    0   0  15   0   0   0   0   0   0   8   2   0   0   0   0   0   0   0   0  73  0.99 0.30
  132 V    -1  -1  -4  -4   0  -2  -3  -5  -3   1   4  -3   3  -1  -4  -3  -2  -3  -2   2    3   3   0   0   1   1   1   0   0   3  55   0   8   1   0   0   1   0   0  20  0.57 0.19
  133 D    -3  -2   3   5  -5   5   1  -3   1  -5  -5   0  -4  -5  -3  -2  -2  -5  -3  -5    0   1  13  42   0  31   5   1   4   0   0   3   0   0   0   0   0   0   0   0  0.97 0.27
  134 D    -3  -3   5   6  -3  -2   0  -3   0  -5  -4  -2  -4  -5  -4   1  -2  -6  -4  -5    0   0  27  56   0   0   2   0   2   0   2   0   0   0   0  11   0   0   0   0  1.18 0.29
  135 E     2  -1  -1   1  -3   2   3  -2  -1  -3  -3   1  -3  -4   3   0  -1  -4  -3  -3   22   2   1   6   0  11  23   1   1   0   1   8   0   0  18   4   1   0   0   1  0.47 0.16
  136 R     0   2  -1   1  -4   1   5  -2  -1  -4  -4   0  -3  -4  -2  -1   1  -4  -3  -3    6  13   1   4   0   4  49   3   1   0   0   4   0   0   1   2  10   0   0   1  0.61 0.20
  137 C    -3  -6  -6  -7  11  -6  -7  -5  -6  -3  -4  -6  -3  -5  -6  -3  -3  -5  -5  -4    0   0   0   0  97   0   0   0   0   1   0   0   0   0   0   1   0   0   0   0  3.35 0.55
  138 K    -2   2  -3  -3  -2   1   0  -4  -2   4  -1   3  -1  -2  -3  -2  -1  -4   0   1    1  10   0   0   0   6   4   0   0  34   1  29   1   0   0   0   1   0   4   8  0.38 0.17
  139 K     1   1   0   2  -4   2   3  -1   0  -4  -3   1  -2  -4  -2   0   0  -4  -3  -3   16   7   3  12   0  12  29   5   2   0   0   6   0   0   0   3   4   0   0   0  0.40 0.14
  140 I    -3  -4  -5  -5  -3  -4  -5  -5  -4   2   5  -4   5  -1  -5  -4  -3  -3  -1  -1    0   0   0   0   0   0   0   0   0   8  71   0  19   0   0   0   0   0   1   0  1.09 0.28
  141 M    -4  -4  -5  -6  -4  -3  -5  -6  -5  -1   0  -4  10  -1  -6  -4  -4  -4  -4  -2    0   0   0   0   0   0   0   0   0   0   3   0  95   1   0   0   0   0   0   1  2.56 0.54
  142 K     1   2   0   0  -1   3   3  -1  -1  -3  -3   2  -2  -4  -2   0   1  -4  -3  -3   12  15   3   4   1  15  19   2   0   0   0  14   0   0   0   5   8   0   0   0  0.36 0.13
  143 Q    -1   3   0   2  -3   2   2  -1  -1  -4  -3   3  -2  -4  -2   0   0  -4  -3  -3    4  16   3  15   0  12  11   4   1   0   1  22   0   0   0   3   6   0   0   0  0.40 0.13
  144 F    -5  -6  -6  -6  -5  -6  -6  -6  -4  -3  -2  -6  -3   9  -6  -5  -5   1   1  -3    0   0   0   0   0   0   0   0   0   0   0   0   0  97   0   0   0   2   1   0  2.40 0.46
  145 I    -3  -5  -6  -6  -3  -4  -5  -6  -6   7  -1  -5   2  -2  -5  -4  -3  -5  -4   1    1   0   0   0   0   0   0   0   0  91   0   0   4   0   0   0   0   0   0   3  1.61 0.38
  146 D     2   3  -1   0  -2   2   2  -2  -1  -3  -3   2  -2  -4  -2   0  -1  -4  -3  -2   26  16   1   5   0   9  12   1   1   0   1  18   0   0   0   5   3   0   0   1  0.34 0.13
  147 E     1   0   1   2  -4   1   5  -3  -1  -4  -3   0  -3  -4  -3   0  -1  -4  -3  -3   17   4   5   8   0   4  48   0   0   0   1   5   0   0   0   3   4   0   0   0  0.60 0.20
  148 R    -2   3   3  -2  -3   1   0  -3   5  -5  -4   4  -3  -4  -3   0  -2  -4  -1  -4    1  20  16   0   0   4   2   0  17   0   0  31   0   0   0   7   0   0   1   0  0.68 0.21
  149 P    -3  -4  -4  -4  -6  -3  -2  -4  -5  -6  -5  -3  -5  -6   9  -3  -4  -6  -6  -5    0   0   0   0   0   0   1   0   0   0   0   1   0   0  95   1   0   0   0   0  2.78 0.48
  150 Q     0  -1  -1   2  -4   2   5   0   0  -4  -4   0  -3  -4  -3   0   0  -4  -3  -3    8   1   1   9   0  10  49   6   2   1   0   3   0   0   0   4   6   0   0   1  0.61 0.20
  151 D    -3  -4  -3   2  -1  -3   0  -5  -4   1   5  -3   0  -2  -4  -3  -3  -4  -3   1    0   0   0  14   1   0   7   0   0   5  65   0   0   0   0   0   0   0   0   8  0.66 0.22
  152 W    -6  -6  -7  -8  -6  -5  -6  -6  -6  -6  -5  -6  -5  -2  -7  -6  -6  13  -1  -6    0   0   0   0   0   0   0   0   0   0   0   0   0   0   0   0   0 100   0   0  4.52 0.67
  153 F    -2  -2   7   0  -5  -2  -2  -2   1  -5  -4  -1  -4   1  -4  -1  -2  -1   2  -4    2   0  71   3   0   0   0   2   3   0   0   2   0   6   0   1   0   1   9   0  1.24 0.33
  154 E    -3  -3  -3   0  -6   0   7  -4  -3  -6  -6  -2  -5  -6  -4  -3  -3  -6  -5  -5    0   0   0   1   0   0  99   0   0   0   0   0   0   0   0   0   0   0   0   0  1.98 0.45
  155 D    -4  -4  -1   8  -6  -3  -1  -4  -4  -6  -6  -3  -6  -6  -4  -3  -4  -7  -6  -6    0   0   0 100   0   0   0   0   0   0   0   0   0   0   0   0   0   0   0   0  2.31 0.45
  156 I    -4  -5  -6  -6  -4  -5  -6  -6  -6   8   0  -5  -1  -2  -5  -5  -3  -5  -4   1    0   0   0   0   0   0   0   0   0  98   1   0   0   0   0   0   0   0   0   1  1.80 0.40
  157 G    -2  -5  -3  -4  -3  -4  -5   7  -4  -6  -6  -4  -5  -6  -5  -3  -4  -5  -5  -6    1   0   0   0   0   0   0  99   0   0   0   0   0   0   0   0   0   0   0   0  2.07 0.39
  158 E    -3  -2  -2   0  -6   1   7  -4  -2  -5  -5   0  -4  -5  -3  -2  -3  -5  -4  -5    0   0   0   1   0   4  90   0   0   0   0   5   0   0   0   0   0   0   0   0  1.59 0.34

                      K         Lambda
Standard Ungapped    0.1384     0.3179
Standard Gapped      0.0632     0.2670
PSI Ungapped         0.2064     0.3175
PSI Gapped           0.0632     0.2670
