P	C	A	G	I	L	V	M	F	W	P	C	S	T	Y	N	Q	H	K	R	D	E	
1	T	1	-1	-1	-2	-1	-1	-2	-3	-1	-1	3	4	-2	0	0	-1	-1	-1	-1	-1	
2	G	3	5	-3	-3	-2	-2	-3	-3	-2	-2	0	-1	-3	-1	-1	-2	-1	-2	-2	-2	
3	G	3	3	-2	-2	-1	-2	-3	-3	-1	-1	2	0	-2	-1	-1	-2	-1	-2	-1	-1	
4	M	0	-3	2	1	1	6	-1	-2	-3	-2	-2	-1	-2	-3	-1	-2	-2	-2	-3	-2	
5	A	3	-1	-1	0	-1	-1	-2	-3	0	-1	1	1	-2	-1	-1	-2	-1	-2	0	-1	
6	S	2	1	-2	-3	-1	-2	-3	-3	-1	-2	3	2	-2	0	0	-2	-1	-1	0	-1	
7	K	-1	-2	-3	-2	-2	-1	-3	-3	1	-3	0	0	-2	-1	3	-1	2	2	0	2	
8	W	0	-3	-1	-1	-1	1	1	9	-3	-3	-1	-2	2	-3	1	-2	-2	-2	-3	-1	
9	D	-3	-3	-5	-5	-5	-5	-5	-6	-3	-5	-2	-3	-5	1	-1	-3	-2	-3	7	1	
10	Q	1	-1	-2	-2	-1	-2	-3	-3	-2	-3	0	-1	-2	-1	2	1	3	2	1	2	
11	K	-1	-3	0	1	-1	0	-2	-3	1	-3	-1	-1	-2	-2	1	-1	3	1	-1	1	
12	G	0	6	-4	-4	-4	-2	3	-3	-4	-4	-2	-3	-1	-2	-3	-1	-3	-4	-3	-4	
13	M	-3	-5	0	3	-1	7	4	-2	-5	-3	-4	-3	-1	-5	-3	-4	-4	-4	-5	-4	
14	D	1	-2	0	-2	-1	-2	-3	-4	-2	-3	0	-1	-2	0	4	-1	1	1	2	1	
15	I	4	-2	3	1	1	0	-2	-4	-2	-2	-1	0	-3	-3	-2	-2	-2	-3	-3	-2	
16	A	6	-2	-3	-4	-2	-3	-3	-5	-3	-2	-1	-2	-4	-4	-3	-4	-3	-3	-4	-3	
17	Y	-3	-5	4	3	2	1	3	-2	-4	-3	-3	-2	3	-4	-4	-3	-4	-4	-5	-4	
18	E	0	-3	-4	-4	-4	-3	-5	-4	-3	-5	-1	-2	-3	-1	1	-1	0	-1	3	6	
19	E	-2	-4	-5	-5	-4	-4	-5	-5	-3	-5	-2	-3	-4	-1	4	0	0	-2	-1	7	
20	A	6	-1	-3	-4	-2	-2	-4	-5	-3	-2	-1	-2	-4	-4	-3	-4	-3	-3	-4	-3	
21	L	-1	-3	-3	-1	-2	-1	-3	-2	-3	-3	-1	-1	-1	-2	3	0	4	3	-2	1	
22	L	-1	-3	1	0	-2	0	-3	-4	-3	-3	-1	-1	-3	-1	2	-2	5	1	-2	0	
23	G	-1	6	-5	-5	-4	-4	-5	-4	-3	-4	3	-2	-4	-2	-3	-3	-3	-4	-3	-3	
24	Y	0	-3	-1	2	-2	0	3	2	-4	-3	-2	-3	6	-3	-2	1	-2	-2	-4	-3	
25	K	2	-1	-3	-3	-2	-2	-4	-4	-2	-3	1	-1	-3	1	1	-1	1	-1	2	2	
26	E	-1	-4	-5	-5	-4	-4	-5	-5	-3	-4	-2	-2	-4	-2	1	-2	-1	-2	0	7	
27	G	-2	7	-6	-6	-5	-5	-5	-5	-4	-5	-2	-3	-5	0	-4	-4	-3	-4	-3	-4	
28	G	-2	7	-6	-6	-5	-5	-5	-5	-4	-5	-2	-4	-5	-2	-4	-4	-4	-4	-3	-4	
29	V	-2	-5	6	0	5	0	-2	-4	-4	-3	-4	-2	-3	-5	-4	-5	-4	-5	-5	-5	
30	P	-3	-5	-5	-5	-5	-5	-6	-6	9	-5	-3	-3	-5	-4	-4	-5	-3	-5	-4	-4	
31	I	-3	-6	8	0	1	-1	-2	-5	-5	-3	-5	-3	-3	-5	-5	-5	-5	-5	-5	-5	
32	G	-2	7	-6	-6	-5	-5	-5	-5	-4	-5	-2	-4	-5	-2	-4	-4	-4	-4	-3	-4	
33	G	4	2	-3	-4	-2	-3	-4	-4	-2	0	4	-1	-3	-2	-2	-3	-2	-3	-2	-2	
34	C	3	-3	-1	-1	4	-2	-3	-4	-3	7	-1	-2	-3	-4	-3	-4	-3	-4	-4	-4	
35	L	-3	-5	2	6	0	0	-1	-3	-5	-3	-4	-3	-3	-5	-4	-5	-4	-4	-5	-5	
36	I	-2	-5	4	0	6	0	-2	-4	-4	-3	-4	-2	-3	-5	-4	-5	-4	-4	-5	-4	
37	N	0	-1	-2	-2	-2	-2	-2	-2	-1	-3	2	0	0	2	0	6	-1	-1	1	-1	
38	N	0	0	-1	-1	-1	-1	-1	-1	0	-1	1	0	-1	2	1	1	0	0	0	0	
39	K	1	0	0	-1	-1	-1	-2	-2	0	-2	0	0	-1	0	0	-1	2	1	0	2	
40	D	-2	-2	-3	-3	-3	-3	-4	-4	-2	-3	-1	0	-3	0	-1	-2	-1	-2	6	2	
41	G	0	6	-5	-5	-4	-3	-5	-4	1	-4	-1	-3	-4	-2	-2	0	-3	-4	-3	-3	
42	S	-1	-3	-2	-3	-2	-2	-4	-4	-1	-3	0	2	-3	0	1	-1	4	3	-1	2	
43	V	-2	-5	5	2	4	0	-2	-4	-3	-3	-4	-2	-3	-5	-4	-5	-4	-4	-5	-4	
44	L	-2	-5	3	5	2	1	-1	-3	-4	-1	-4	-2	-2	-5	-4	-2	-4	-4	-5	-4	
45	G	0	7	-6	-6	-5	-5	-5	-5	-4	-2	-2	-3	-5	-2	-4	-4	-3	-4	-3	-4	
46	R	0	-3	-4	-3	-1	-3	-4	-4	-4	-1	0	-1	-3	-2	1	-2	1	7	-3	-1	
47	G	-2	7	-6	-6	-5	-5	-5	-5	-4	-5	-1	-4	-5	-2	-4	-4	-4	-4	-3	-4	
48	H	-4	-5	-6	-5	-6	-4	-4	-5	-5	-3	-3	-4	0	-2	-2	10	-3	0	-4	-3	
49	N	-4	-3	-6	-6	-5	-5	-6	-6	-4	-5	-2	-2	-5	8	-2	-2	-2	-3	-1	-3	
50	M	-2	-4	-2	0	-2	6	-3	-3	-3	-2	-1	-2	-3	-2	3	-2	1	3	-3	1	
51	R	-4	-5	-5	-5	-5	-4	-5	-5	-4	-6	-3	-3	-4	-3	-1	0	0	8	-4	-2	
52	F	-2	-5	4	0	5	1	2	-2	-4	-2	-3	-2	-1	-4	-1	-4	-4	-4	-5	-4	
53	Q	-3	-4	-5	-5	-5	-3	-6	-4	-4	-5	-2	-3	-4	-2	8	-2	0	-1	-3	0	
54	K	-2	-3	-4	-2	-3	-1	-4	-4	-3	-3	-1	-2	-3	1	2	-1	6	2	-1	0	
55	G	0	6	-5	-4	-4	-2	-4	-4	-3	-2	1	-2	-4	1	-2	-2	-1	-2	0	-2	
56	S	-1	-2	-4	-5	-3	-4	-5	-5	-3	-3	7	-1	-4	0	-2	-3	-2	-3	-2	-2	
57	A	5	-2	-2	-3	0	0	-4	-4	4	0	0	0	-3	-3	-2	-3	-2	-3	-3	-2	
58	T	-2	-4	5	-1	2	-1	-3	-4	-2	-3	-1	5	-3	-3	-3	-4	-3	-4	-4	-3	
59	L	-3	-5	0	5	-1	0	-1	-3	-4	-3	-4	-3	-2	-4	-3	2	-3	-1	-5	-4	
60	H	-4	-4	-6	-5	-6	-4	-4	-5	-5	-5	-3	-4	-1	-2	-2	11	-3	-3	-4	-2	
61	G	3	6	-4	-4	-4	-4	-4	-4	-3	-3	-1	-3	-4	-2	-3	-4	-3	-4	-3	-3	
62	E	-3	-3	-5	-5	-5	-4	-5	-5	-3	-6	-2	-3	-4	-2	0	-2	-1	-2	0	7	
63	I	-3	-5	5	0	0	7	-2	-4	-4	-3	-3	3	-3	-4	-3	-4	-3	-4	-4	-4	
64	S	1	-2	-4	-4	-3	-3	-4	-5	-3	-2	4	-1	-4	-1	-2	-3	-2	-3	5	-1	
65	T	5	-2	-2	-3	0	-2	-4	-4	-3	6	-1	2	-3	-3	-3	-4	-3	-3	-4	-3	
66	L	-3	-5	1	6	0	0	1	-3	-5	-3	-4	-3	-2	-5	-4	-4	-4	-4	-5	-5	
67	E	-2	-4	-5	-4	-4	-4	-2	-5	-3	-6	-2	-3	-2	-2	1	-2	-1	-2	0	7	
68	N	-3	-2	-5	-5	-5	-4	-4	-6	-4	-5	-1	-1	-4	8	-1	0	-1	-1	1	-2	
69	C	5	-1	-2	-3	-2	-3	-4	-4	-3	5	2	-1	-3	-3	-2	-3	-2	-3	-3	-3	
70	G	-2	7	-6	-6	-5	-5	-5	-5	-4	-5	-2	-4	-5	-2	-4	-4	-4	-4	-3	-4	
71	R	-4	-5	-5	-4	-5	-4	-5	-5	-4	-6	-3	-3	-2	-3	-1	-2	0	8	-4	-2	
72	L	-3	-5	0	5	-1	1	-1	-3	-4	-3	-4	-3	-3	-4	2	-2	-3	-2	-5	-3	
73	E	-1	-3	-4	-4	-2	-3	-5	-5	7	-4	1	-1	-4	-2	-1	-3	3	-2	-2	-1	
74	G	5	2	-3	-3	-2	-3	-4	-4	1	-2	0	-2	-4	-3	-3	-3	-2	-3	-3	-3	
75	K	0	-1	-3	-3	-2	-3	-3	-3	-2	-3	4	0	-3	0	0	0	2	0	-1	1	
76	V	2	-3	2	-1	4	-1	-1	-4	-3	-2	-1	0	-2	-3	-2	-3	-3	-2	0	-1	
77	Y	-4	-6	-4	-3	-4	-3	1	0	-5	-5	-4	-2	9	-4	-4	-1	-4	-4	-6	-4	
78	K	0	-3	-4	-3	-2	-2	-4	-4	-3	-4	0	-2	-3	-2	2	-1	4	5	-2	1	
79	D	-1	3	-4	-4	-4	-3	-4	-4	-3	-4	-1	-2	-3	3	0	1	2	1	2	2	
80	T	3	-2	-3	-3	-2	-3	-4	-4	-3	7	3	1	-3	-2	-2	-3	-2	-3	-3	-3	
81	T	-2	-4	-1	-3	2	-2	-4	-4	-3	0	-1	7	-3	-2	-3	-4	-3	-3	-3	-3	
82	L	-3	-5	2	4	0	7	-1	-3	-4	-3	-4	-3	-3	-5	-3	-4	-4	-4	-5	-4	
83	Y	-4	-6	-4	-3	-3	-3	2	0	-5	-5	-4	-4	9	-5	-4	-1	-4	-4	-6	-4	
84	T	-2	-4	-3	-3	-2	-3	-4	-5	-3	-3	1	7	-4	-2	-3	-4	-3	-3	-3	-3	
85	T	-2	-4	-3	-3	-2	-3	-4	-5	-3	-3	0	7	-4	-2	-3	-4	-3	-3	-3	-3	
86	L	-3	-6	0	6	-1	1	-1	-3	-5	-3	-4	-2	-3	-5	-4	-5	-4	-4	-6	-5	
87	S	0	-2	-5	-5	-4	-4	-5	-5	-3	-3	7	-1	-4	-1	-2	-3	-2	-2	-2	-2	
88	P	-3	-5	-5	-5	-5	-5	-6	-6	9	-5	-3	-3	-5	-4	-4	-5	-3	-5	-4	-3	
89	C	-3	-5	-4	-4	-3	-4	-5	-5	-5	11	-3	-3	-5	-5	-6	-6	-6	-6	-6	-6	
90	D	-1	-2	-2	-3	-3	-3	-4	-5	2	-3	2	0	-2	1	-1	0	-2	-3	5	0	
91	M	-3	-5	-1	0	-2	10	-2	-4	-5	-4	-4	-3	-4	-5	-3	-4	-4	-4	-6	-5	
92	C	-3	-5	-4	-3	-3	-4	-5	-5	-5	11	-3	-3	-5	-5	-6	-6	-6	-6	-6	-6	
93	T	0	-3	-3	-3	-2	-3	-4	-4	-3	-3	4	6	-3	-2	-2	-3	-2	-3	-3	-2	
94	G	-2	7	-6	-6	-5	-5	-5	-5	-4	-5	-2	-4	-5	-2	-4	-4	-4	-4	-3	-4	
95	A	6	-2	-3	-3	-2	-3	-4	-4	-3	0	0	1	-4	-3	-3	-3	-2	-3	-3	-3	
96	I	-1	-5	5	-1	2	0	-2	-4	-4	7	-2	-2	-3	-5	-4	-5	-4	-5	-5	-5	
97	I	-2	-5	3	5	1	1	-1	-3	-4	-3	-4	-2	-2	-5	-3	-3	-4	-4	-5	-3	
98	M	-3	-5	0	6	-1	4	-1	-3	-5	-3	-4	-3	-3	-5	-4	-4	-4	-4	-5	-5	
99	Y	-4	-6	-4	-3	-4	-3	2	0	-5	-5	-4	-4	9	-5	-4	-1	-4	-4	-6	-4	
100	G	-2	5	-5	-5	-4	-4	-5	-4	-3	-4	-2	-3	-4	-1	-2	-3	4	0	-2	-2	
101	I	-3	-6	7	0	3	0	-1	-4	-5	-3	-4	-2	-3	-5	-4	-5	-4	-5	-5	-5	
102	P	-1	-2	-4	-4	-4	-4	-5	-5	7	-4	0	-2	-4	-2	-1	-3	3	-1	-3	-2	
103	R	-3	-4	-5	-4	-4	-3	-5	-5	-4	-5	-3	-3	-3	-2	0	1	3	7	-3	-1	
104	C	-2	-5	2	0	6	-1	-3	-5	-4	4	-3	-2	-3	-5	-4	-5	-4	-4	-5	-4	
105	V	-2	-5	2	-1	7	-1	-3	-5	-4	-3	-4	-2	-3	-5	-4	-5	-4	-5	-5	-4	
106	I	-2	-5	6	1	3	3	-1	-4	-4	-1	-4	-2	-3	-5	-4	-5	-4	-4	-5	-4	
107	G	-1	7	-6	-6	-5	-5	-5	-5	-4	-3	-2	-4	-5	-2	-4	-4	-3	-4	-3	-4	
108	E	-3	-4	-6	-5	-5	-4	-6	-5	-3	-6	-2	-3	-4	-2	0	-2	-1	-2	0	7	
109	N	-4	-3	-6	-6	-5	-4	-5	-6	-4	-5	-1	-2	-4	8	-2	2	-2	-3	0	-2	
110	V	-1	-2	-1	-2	0	-1	-3	-1	-2	-3	0	0	-2	0	1	1	3	2	0	1	
111	N	-2	-3	-3	-3	-2	-3	-4	-5	-3	-3	1	6	-4	5	-2	-2	-2	-3	-2	-2	
112	F	-4	-5	-2	-1	-3	-2	8	2	-6	-5	-4	-3	3	-5	-5	-3	-5	-5	-6	-5	
113	K	-2	-4	0	2	2	4	-1	-3	-3	-2	-2	-1	-1	-3	1	-2	2	0	-3	-1	
114	S	-1	7	-5	-4	-5	-4	-5	-4	-4	-4	1	-3	-5	-2	-3	-4	-3	-4	-3	-4	
115	K	0	0	-1	-1	-1	-1	-2	-1	3	-2	0	0	-1	0	0	-1	0	0	1	3	
116	G	1	5	-1	-2	-2	-2	-2	-2	-1	-2	0	-1	-2	-1	-1	-2	-1	-2	-1	-1	
117	E	-3	-4	-5	-5	-5	-4	-5	-5	-3	-6	-2	-3	-4	-2	0	-2	-1	-2	1	7	
118	K	2	-2	-4	-3	-3	-3	-4	-4	-2	-4	-1	-1	-3	-1	1	-1	0	-1	4	4	
119	Y	-3	-5	-1	3	-2	-1	1	5	-5	-4	-4	-3	6	-4	-3	3	-4	-3	-5	-4	
120	L	-3	-5	0	6	0	1	-1	-3	-5	-3	-4	-3	-3	-5	-4	-5	-3	-4	-5	-4	
121	Q	0	-2	-2	-2	-2	-2	-4	-4	-3	-4	-1	-1	-3	-2	1	-2	4	5	-2	-1	
122	T	1	-2	-4	-4	-3	-3	-4	-4	-2	-3	4	0	-3	1	3	-2	0	0	-1	1	
123	R	-3	-3	-4	-3	-4	-1	-4	-4	-4	-5	-2	-2	-2	1	0	2	2	7	-3	-1	
124	G	-2	7	-6	-6	-5	-5	-5	-5	-4	-5	-2	-3	-5	-1	-4	-3	-3	-4	-2	-4	
125	H	-1	-5	3	-1	6	-1	-2	-4	-4	2	-3	-2	-3	-4	-3	0	-1	-3	-5	-4	
126	E	-2	-4	-5	-4	-3	-3	-5	-5	-3	-5	-1	-1	-4	-1	2	-2	0	-1	1	6	
127	V	-2	-5	2	1	6	-1	-2	-4	-4	-3	-3	-2	-3	-5	-4	-5	-4	-4	-5	-4	
128	V	-1	-4	3	0	4	0	-2	-4	-3	-2	-2	0	-2	-2	-1	-2	-1	-2	0	0	
129	V	-2	-4	1	-1	6	-1	-3	-3	-4	-3	-3	-2	-3	3	-3	-3	-3	-4	-3	-3	
130	V	-1	-4	1	4	3	3	0	-3	-4	-2	-3	-1	-2	-4	-3	-3	-3	-3	-4	-3	
131	D	-3	-2	-5	-5	-4	-4	-5	-5	-3	-5	-1	-2	-4	3	2	0	1	-1	6	2	
132	D	-2	-2	-5	-5	-4	-4	-5	-5	-3	-2	1	-2	-3	5	-2	0	-2	-3	6	0	
133	E	2	-2	-3	-3	-3	-2	-4	-4	2	-3	0	-1	-3	-1	3	-1	1	-1	1	4	
134	R	-1	-1	-3	-3	-3	-3	-4	-4	-1	-4	-1	-1	-3	-1	2	-1	1	3	1	5	
135	C	-3	-4	-2	-3	-3	-3	-5	-5	-5	11	-3	-3	-5	-5	-5	-6	-6	-6	-6	-6	
136	K	-2	-3	2	-2	-1	-1	-3	-3	-3	-4	-2	-2	0	-2	1	-1	5	3	-2	1	
137	K	1	0	-3	-3	-3	-3	-4	-4	-2	-3	0	0	-3	0	2	0	1	0	3	3	
138	L	-3	-5	2	5	0	3	-1	-3	-4	-3	-4	-3	-1	-5	-4	-4	-4	-4	-5	-4	
139	M	-3	-5	-1	0	-1	10	-1	-4	-5	-4	-4	-3	-3	-5	-3	-4	-4	-4	-6	-5	
140	K	1	-1	-3	-3	-2	-2	-4	-4	-2	0	1	0	-3	0	3	-1	2	1	1	2	
141	Q	-1	-2	-4	-3	-3	-1	-4	-4	-2	-4	-1	0	-3	0	2	-2	4	3	1	1	
142	F	-4	-5	-2	-1	-3	0	9	2	-6	-5	-5	-4	2	-5	-5	-3	-5	-5	-6	-5	
143	I	-3	-6	7	0	2	1	-2	-5	-5	-3	-4	-3	-3	-5	-5	-5	-5	-5	-5	-5	
144	D	1	-2	-3	-3	-2	-2	-4	-4	-2	-3	0	-1	-3	-1	2	0	3	3	1	2	
145	E	0	-3	-5	-4	-4	-3	-5	-5	-3	-5	-1	-2	-4	0	1	-2	0	0	1	6	
146	R	-2	-3	-4	-4	-4	-1	-3	-4	-3	-4	-1	-2	-1	2	1	4	4	4	-2	-1	
147	P	-3	-4	-5	-5	-5	-5	-6	-6	9	-5	-3	-3	-5	-4	-3	-4	-3	-4	-4	-2	
148	Q	-1	0	-4	-4	-3	-3	-4	-4	-2	-3	0	-1	-3	-1	2	1	0	-1	2	5	
149	D	-2	-4	1	3	1	0	-2	-4	-3	-1	-2	-2	-3	-2	-2	-3	-2	-3	3	1	
150	W	-5	-5	-6	-4	-6	-4	-2	13	-7	-5	-6	-5	0	-7	-5	-5	-6	-6	-7	-6	
151	F	-1	-1	-4	-4	-3	-3	2	-1	-4	-4	0	-2	4	6	-2	0	-2	-2	0	-2	
152	E	-3	-4	-5	-5	-5	-4	-5	-5	-3	-6	-2	-3	-4	-2	0	-2	-1	-2	0	7	
153	D	-4	-3	-5	-6	-5	-5	-6	-7	-4	-6	-2	-3	-5	-1	-2	-3	-3	-4	8	0	
154	I	-3	-6	7	0	1	-1	-2	-5	-5	-3	-4	-1	-3	-5	-5	-5	-5	-5	-5	-5	
155	G	-1	7	-6	-6	-5	-5	-5	-4	-4	-2	-2	-3	-5	-2	-4	-4	-3	-4	-3	-4	
156	E	-3	-4	-5	-5	-4	-4	-5	-5	-3	-5	-2	-3	-4	-2	1	-2	1	-2	0	7	
